2
---
single
cluster: [(-438, 13),(-963, 752),(-752, 600),(-314, 461),(-445, 621),(-683, 888),(-519, 529),(-419, 854),(-467, 178),(-504, -332),(-645, -450),(-312, -179),(-696, -409),(-546, -800),(-229, -469),(-347, -750),(-98, -284),(-896, -120)] [(625, 384),(815, 144),(787, -17),(415, -953),(53, -169),(830, -954),(734, -847),(768, -265),(388, -251),(602, 337)] [(512, 724),(444, 974)] 
span: 0.9257682206228005, 0.9193678534664724
---
complete
cluster: [(-438, 13),(-504, -332),(-645, -450),(-312, -179),(-696, -409),(-546, -800),(-229, -469),(-347, -750),(-98, -284),(-963, 752),(-752, 600),(-519, 529),(-467, 178),(-314, 461),(-445, 621),(-683, 888),(-419, 854),(-896, -120)] [(625, 384),(815, 144),(787, -17),(444, 974),(512, 724),(602, 337)] [(53, -169),(830, -954),(734, -847),(768, -265),(388, -251),(415, -953)] 
span: -0.7049796316762562, -0.7441029700094789
---
average
cluster: [(-438, 13),(-467, 178),(-963, 752),(-752, 600),(-519, 529),(-314, 461),(-445, 621),(-683, 888),(-419, 854),(-504, -332),(-645, -450),(-312, -179),(-696, -409),(-546, -800),(-229, -469),(-347, -750),(-98, -284),(-896, -120)] [(625, 384),(815, 144),(787, -17),(444, 974),(512, 724),(602, 337)] [(53, -169),(830, -954),(734, -847),(768, -265),(388, -251),(415, -953)] 
span: 0.20423030410835533, 0.1270085714175628