3
---
single
cluster: [(-306, -585),(-539, -816),(-525, -728),(-172, -221),(-460, -494),(-27, -76),(-285, -797),(-88, -442),(-188, -733),(9, -733),(-5, -599),(44, -791),(-200, -49),(-411, -97),(-788, -324),(-363, -245),(-698, -458),(-885, -34),(-437, 164),(-630, 113),(-556, 339),(-736, 475),(-387, 568),(-470, 571),(-899, 908),(859, 951),(664, 769),(581, 565),(885, 672),(520, 445),(916, 575),(400, 228),(994, 557),(83, 234),(378, 904),(409, 903),(194, 379),(-49, 823),(-61, 920),(14, 780),(15, 133),(-110, 421),(-249, 854),(-304, -539)] [(788, -290),(345, -163),(785, -475),(975, -577),(639, -250)] [(507, -855)] 
span: 0.950986159367771, 0.8871449358866629
---
complete
cluster: [(-306, -585),(-460, -494),(-539, -816),(-525, -728),(-172, -221),(-363, -245),(-698, -458),(9, -733),(-5, -599),(44, -791),(-27, -76),(-285, -797),(-88, -442),(-188, -733),(639, -250),(788, -290),(345, -163),(785, -475),(975, -577),(507, -855),(-304, -539)] [(-411, -97),(-788, -324),(-885, -34),(-437, 164),(-630, 113),(-556, 339),(-736, 475),(-387, 568),(-470, 571),(-899, 908),(-200, -49)] [(664, 769),(581, 565),(916, 575),(400, 228),(994, 557),(885, 672),(520, 445),(83, 234),(378, 904),(409, 903),(194, 379),(-49, 823),(-61, 920),(14, 780),(15, 133),(-110, 421),(-249, 854),(859, 951)] 
span: -0.5951602722234179, -0.9927284861861074
---
average
cluster: [(-306, -585),(-539, -816),(-525, -728),(-172, -221),(-460, -494),(9, -733),(-5, -599),(44, -791),(-27, -76),(-285, -797),(-88, -442),(-188, -733),(639, -250),(788, -290),(345, -163),(785, -475),(975, -577),(507, -855),(-304, -539)] [(-411, -97),(-788, -324),(-363, -245),(-698, -458),(-885, -34),(-437, 164),(-630, 113),(-556, 339),(-736, 475),(-387, 568),(-470, 571),(-899, 908),(-200, -49)] [(664, 769),(581, 565),(885, 672),(520, 445),(916, 575),(400, 228),(994, 557),(83, 234),(378, 904),(409, 903),(194, 379),(-49, 823),(-61, 920),(14, 780),(15, 133),(-110, 421),(-249, 854),(859, 951)] 
span: 0.3253733303427031, -0.26897838169923316